Source:  Case K in "Hierarchical Models for
         Employment Decisions," Kadane and
         Woodworth.

Cases: All persons employed by a firm during
the period of observation.

DOB = Date of Birth
DOH = Date of Hire
DOX = Date of Exit (99 99 1999 = still employed)
T = Termination (1 = Involuntary 0 = Other)

DOB         DOH         DOX         T
----------  ----------  ----------  -
11 24 1972  02 11 1991  99 99 1999  0
03 22 1955  03 04 1985  99 99 1999  0
11 13 1941  02 04 1991  10 02 1992  0
09 29 1965  03 21 1994  99 99 1999  0
04 21 1945  11 01 1994  99 99 1999  0
06 27 1955  04 09 1990  99 99 1999  0
11 13 1947  05 01 1978  10 14 1994  0
06 28 1968  07 30 1990  07 22 1994  0
11 16 1938  08 06 1992  01 01 1995  0
03 16 1933  07 24 1991  05 08 1992  0
10 09 1945  04 01 1977  99 99 1999  0
10 13 1951  06 19 1989  99 99 1999  0
04 28 1956  04 29 1991  99 99 1999  0
07 08 1969  05 06 1991  99 99 1999  0
04 16 1930  12 28 1990  01 24 1992  1
07 06 1964  07 11 1994  99 99 1999  0
09 29 1963  11 02 1987  07 01 1994  0
08 14 1956  01 08 1990  03 12 1993  0
07 26 1965  10 29 1990  09 09 1994  0
03 16 1946  01 02 1990  10 04 1993  1
06 10 1954  02 01 1984  99 99 1999  0
07 17 1959  11 26 1990  99 99 1999  0
11 05 1957  06 04 1990  99 99 1999  0
07 09 1957  01 11 1982  99 99 1999  0
07 16 1961  05 07 1990  99 99 1999  0
05 07 1964  10 23 1991  03 19 1993  0
01 09 1950  06 25 1990  99 99 1999  0
01 21 1959  01 07 1991  99 99 1999  0
01 23 1944  10 10 1988  99 99 1999  0
05 30 1964  06 13 1994  99 99 1999  0
03 03 1966  11 09 1992  04 23 1994  0
07 22 1926  11 01 1984  07 22 1991  0
04 17 1963  02 20 1990  99 99 1999  0
07 10 1970  10 12 1992  99 99 1999  0
03 03 1969  10 18 1993  99 99 1999  0
03 19 1958  07 24 1979  99 99 1999  0
09 22 1935  08 05 1991  06 02 1993  0
09 28 1941  09 28 1965  99 99 1999  0
02 24 1945  10 13 1993  99 99 1999  0
09 26 1944  08 01 1991  10 02 1992  0
06 30 1950  07 17 1989  11 02 1993  1
12 06 1961  04 26 1984  99 99 1999  0
07 11 1947  11 05 1990  99 99 1999  0
08 11 1931  11 14 1988  06 01 1990  1
07 09 1973  06 06 1994  08 12 1994  0
02 13 1921  07 09 1984  09 10 1993  1
02 04 1954  10 01 1991  05 01 1993  0
02 04 1948  06 23 1969  99 99 1999  0
12 08 1946  06 01 1992  09 01 1992  0
01 16 1951  12 12 1991  03 27 1992  0
01 04 1952  11 28 1978  04 24 1992  1
02 11 1962  02 11 1991  99 99 1999  0
01 14 1957  12 19 1988  12 17 1991  0
04 11 1969  02 11 1991  09 01 1992  0
01 05 1942  05 03 1993  09 02 1994  0
99 99 1999  01 03 1995  99 99 1999  0
06 03 1965  10 14 1991  99 99 1999  0
09 05 1960  03 12 1990  10 03 1990  0
02 14 1963  05 20 1991  09 02 1994  0
05 27 1946  12 05 1994  99 99 1999  0
08 26 1943  01 02 1990  03 04 1994  1
08 07 1970  02 11 1991  99 99 1999  0
08 07 1935  06 03 1991  07 30 1993  0
05 17 1938  01 14 1991  01 24 1992  1
02 06 1959  03 05 1990  99 99 1999  0
04 06 1962  11 27 1989  99 99 1999  0
03 01 1943  06 05 1989  09 25 1992  1
07 15 1963  06 03 1991  99 99 1999  0
10 14 1924  08 31 1981  08 03 1992  1
06 17 1947  11 11 1991  03 12 1993  1
09 29 1935  06 14 1969  99 99 1999  0
12 02 1955  03 03 1992  06 04 1993  1
06 25 1963  12 17 1990  99 99 1999  0
09 28 1964  03 15 1993  99 99 1999  0
11 08 1948  01 26 1992  05 08 1992  1
01 20 1969  05 20 1991  08 21 1991  0
05 21 1956  05 14 1979  99 99 1999  0
07 28 1930  05 20 1991  99 99 1999  0
07 22 1924  10 12 1994  99 99 1999  0
99 99 1999  02 03 1992  02 14 1992  0
05 25 1951  10 10 1994  99 99 1999  0
07 23 1947  09 21 1967  99 99 1999  0
07 06 1946  03 04 1991  09 25 1992  1
08 07 1958  07 01 1980  99 99 1999  0
01 17 1952  08 27 1990  99 99 1999  0
08 24 1951  11 12 1990  03 12 1993  1
11 25 1945  05 28 1991  11 05 1993  1
02 01 1972  06 28 1993  99 99 1999  0
10 10 1961  03 18 1991  01 24 1992  1
06 26 1959  10 03 1994  99 99 1999  0
04 15 1957  10 20 1988  99 99 1999  0
07 20 1931  02 16 1967  05 01 1992  1
01 06 1929  11 18 1991  10 02 1992  0
05 21 1955  03 26 1990  03 04 1994  0
06 19 1973  05 23 1994  08 26 1994  0
11 01 1965  08 08 1988  02 18 1994  1
04 07 1958  01 11 1988  06 18 1993  1
06 14 1943  11 13 1967  99 99 1999  0
08 29 1931  09 01 1989  04 24 1992  1
02 20 1965  07 24 1989  99 99 1999  0
01 07 1963  02 08 1988  99 99 1999  0
09 03 1949  11 16 1992  09 24 1993  1
07 17 1956  01 09 1995  99 99 1999  0
05 12 1933  05 24 1951  09 25 1992  1
02 04 1951  12 14 1987  06 19 1992  1
03 27 1943  02 24 1971  99 99 1999  0
10 09 1945  03 18 1991  01 24 1992  1
05 12 1930  05 06 1974  06 01 1993  0
01 11 1957  10 12 1989  99 99 1999  0
01 28 1924  03 09 1992  05 08 1992  0
03 28 1953  12 30 1985  99 99 1999  0
05 14 1951  01 13 1992  09 02 1994  1
03 31 1949  12 01 1987  99 99 1999  0
04 14 1969  10 07 1991  10 09 1992  0
08 24 1926  02 11 1991  06 19 1992  0
10 30 1948  12 03 1990  99 99 1999  0
05 03 1964  02 11 1991  05 01 1992  1
02 09 1957  05 02 1994  99 99 1999  0
05 09 1958  07 08 1991  99 99 1999  0
01 26 1966  06 12 1989  08 16 1991  0
12 03 1967  06 18 1990  99 99 1999  0
04 20 1964  01 08 1990  08 02 1994  0
11 30 1962  05 15 1990  99 99 1999  0
07 31 1941  01 23 1989  99 99 1999  0
11 30 1951  07 09 1973  99 99 1999  0
08 10 1956  05 16 1989  06 11 1991  0
03 24 1933  03 26 1973  04 24 1992  1
02 08 1936  10 02 1983  02 02 1993  1
09 29 1952  03 02 1992  02 26 1994  0
12 05 1956  09 11 1989  99 99 1999  0
09 29 1962  08 01 1989  99 99 1999  0
09 21 1943  01 02 1990  07 21 1992  0
05 05 1930  12 18 1989  01 24 1992  1
07 31 1937  05 15 1989  99 99 1999  0
08 28 1956  07 19 1993  99 99 1999  0
05 08 1947  03 25 1991  99 99 1999  0
05 09 1941  01 14 1991  99 99 1999  0
06 16 1946  03 18 1985  99 99 1999  0
11 20 1950  03 04 1991  03 12 1993  1
05 28 1957  08 20 1990  99 99 1999  0 
12 14 1944  09 17 1979  99 99 1999  0 
08 10 1949  06 01 1982  99 99 1999  0
05 31 1969  03 09 1992  99 99 1999  0 
04 02 1952  07 01 1988  03 02 1993  1
06 20 1958  04 13 1987  99 99 1999  0
03 13 1928  11 16 1989  01 24 1992  1
12 30 1953  03 15 1989  99 99 1999  0
09 16 1935  01 16 1995  99 99 1999  0
05 02 1956  05 09 1994  99 99 1999  0
06 12 1939  07 30 1973  99 99 1999  0
09 08 1941  02 18 1985  12 18 1992  0
01 29 1969  05 04 1992  99 99 1999  0
10 01 1932  02 16 1960  10 05 1993  1
01 25 1922  02 01 1991  11 15 1991  1
06 01 1961  12 20 1982  12 17 1991  1
09 03 1967  11 09 1991  01 21 1993  0
07 25 1964  08 26 1991  99 99 1999  0
04 23 1925  08 16 1966  03 15 1991  0
08 25 1955  03 05 1990  99 99 1999  0
07 09 1932  08 23 1965  12 03 1993  1
05 08 1967  07 09 1990  99 99 1999  0
07 12 1942  01 02 1990  10 04 1993  1
04 27 1926  12 11 1991  05 15 1992  0
08 11 1959  08 16 1993  99 99 1999  0
01 04 1950  02 21 1978  99 99 1999  0
03 08 1945  12 17 1984  99 99 1999  0
01 27 1952  05 06 1985  09 30 1992  0
02 24 1933  02 08 1960  10 02 1992  1
01 01 1949  03 18 1974  10 02 1992  1
09 10 1945  02 08 1982  99 99 1999  0
05 02 1955  04 06 1987  99 99 1999  0
02 26 1949  03 13 1991  05 31 1992  0
05 22 1941  09 25 1961  99 99 1999  0
04 03 1966  09 09 1991  99 99 1999  0
10 12 1934  11 13 1983  02 02 1993  1
09 14 1961  03 02 1992  06 14 1994  0
07 19 1938  04 22 1991  10 02 1992  0
08 13 1954  07 05 1994  99 99 1999  0
10 29 1961  03 04 1991  04 24 1992  1
02 07 1964  09 12 1994  99 99 1999  0
09 06 1963  07 05 1989  03 25 1994  0
09 27 1946  12 12 1988  99 99 1999  0
04 17 1956  04 09 1990  99 99 1999  0
12 27 1929  12 15 1991  03 06 1992  0
12 24 1959  02 26 1990  99 99 1999  0
02 04 1932  01 02 1990  01 24 1992  1
12 16 1970  07 12 1993  99 99 1999  0
08 20 1968  12 03 1990  12 11 1992  1
04 16 1959  04 26 1993  01 07 1994  0
10 15 1937  05 29 1990  99 99 1999  0
05 11 1956  03 21 1988  10 02 1992  0
07 06 1933  12 29 1952  09 22 1992  1
04 14 1964  02 01 1990  99 99 1999  0
12 10 1942  11 01 1988  03 12 1993  0
04 03 1964  03 12 1990  99 99 1999  0
12 31 1938  07 13 1976  01 08 1993  1
05 14 1935  11 25 1991  04 13 1992  0
09 12 1954  01 16 1986  10 14 1994  0
02 16 1960  01 06 1992  07 30 1993  0
07 17 1926  09 18 1989  09 21 1992  1
11 09 1951  09 05 1984  99 99 1999  0
04 13 1957  01 06 1988  99 99 1999  0
02 17 1951  10 07 1991  99 99 1999  0
11 13 1955  01 06 1992  08 01 1992  0
03 29 1932  01 03 1972  07 22 1991  0
10 14 1964  06 04 1990  99 99 1999  0
10 27 1968  02 18 1992  01 07 1994  0
04 25 1956  04 05 1994  99 99 1999  0
06 08 1939  01 02 1990  99 99 1999  0
05 29 1948  01 19 1985  99 99 1999  0
10 29 1969  01 13 1992  99 99 1999  0
09 08 1956  03 01 1982  99 99 1999  0
05 09 1960  08 02 1993  99 99 1999  0
11 21 1935  06 04 1957  99 99 1999  0
01 01 1947  04 23 1979  99 99 1999  0
05 23 1936  03 23 1992  06 15 1992  0
04 04 1956  09 26 1994  99 99 1999  0
04 19 1937  12 17 1990  01 24 1992  1
04 27 1960  08 08 1994  99 99 1999  0
06 18 1967  06 19 1989  99 99 1999  0
12 17 1950  11 04 1992  01 22 1993  0
01 11 1946  01 02 1991  10 08 1992  1
01 05 1951  10 09 1974  99 99 1999  0
10 31 1930  03 03 1982  03 27 1992  1
06 18 1938  12 10 1975  99 99 1999  0
01 15 1964  04 30 1990  99 99 1999  0
04 11 1964  10 23 1990  02 14 1991  0
12 20 1930  01 07 1991  03 12 1993  1
03 30 1927  04 30 1990  01 24 1992  1
12 26 1956  10 01 1990  99 99 1999  0
06 13 1929  02 06 1991  07 06 1992  0
03 19 1926  05 19 1992  07 01 1992  0
04 01 1928  01 02 1990  07 03 1992  1
07 23 1955  05 04 1992  99 99 1999  0
11 29 1953  01 16 1989  99 99 1999  0
01 27 1971  12 05 1994  99 99 1999  0
06 23 1945  04 18 1991  06 15 1992  0
11 12 1941  01 07 1991  02 02 1993  1
03 06 1958  06 11 1985  02 28 1994  0
03 15 1942  10 15 1973  01 01 1992  0
11 06 1942  01 21 1991  99 99 1999  0
01 12 1966  02 11 1991  08 26 1994  0
09 05 1954  03 25 1991  04 08 1994  0
09 09 1948  08 27 1991  07 13 1993  1
09 13 1954  10 28 1985  99 99 1999  0
07 04 1959  03 29 1993  99 99 1999  0
03 22 1966  02 04 1991  03 06 1992  0
06 04 1950  07 13 1989  99 99 1999  0
02 22 1951  10 08 1979  99 99 1999  0
11 10 1959  10 12 1987  99 99 1999  0
06 07 1951  10 07 1991  04 24 1992  1
07 15 1971  11 07 1994  99 99 1999  0
07 31 1968  06 04 1990  08 24 1990  0
11 04 1928  08 06 1990  04 24 1992  1
04 10 1951  05 01 1989  99 99 1999  0
07 28 1946  06 17 1968  99 99 1999  0
03 14 1956  08 27 1990  99 99 1999  0
05 15 1968  02 25 1991  99 99 1999  0
11 20 1955  09 02 1986  99 99 1999  0
08 22 1937  03 05 1972  99 99 1999  0
06 07 1953  07 16 1973  99 99 1999  0
12 26 1968  06 22 1992  02 24 1993  0
10 20 1958  05 02 1994  99 99 1999  0
12 31 1953  05 07 1973  99 99 1999  0
09 06 1945  02 14 1966  99 99 1999  0
08 16 1954  01 06 1992  99 99 1999  0
09 24 1938  01 01 1980  04 24 1992  1
07 21 1944  09 01 1987  99 99 1999  0
10 01 1936  02 18 1985  99 99 1999  0
07 26 1967  12 09 1991  12 10 1993  0
06 30 1959  04 05 1993  99 99 1999  0
10 28 1949  12 05 1990  08 17 1993  0
12 14 1974  06 29 1992  08 13 1993  0
10 18 1953  03 01 1991  11 23 1994  0
02 13 1931  09 10 1951  06 01 1990  0
05 29 1947  01 21 1991  03 20 1992  1
07 21 1949  11 15 1993  03 04 1994  0
02 16 1946  02 14 1994  99 99 1999  0
06 01 1953  01 02 1990  03 23 1990  0
07 04 1960  02 13 1989  08 11 1990  0
05 16 1952  05 23 1990  05 29 1992  1
01 04 1953  10 01 1991  10 09 1992  1
02 11 1952  01 14 1991  99 99 1999  0
11 23 1953  05 19 1975  99 99 1999  0
04 08 1957  05 08 1989  99 99 1999  0
11 13 1940  11 16 1987  06 15 1993  1
05 23 1960  03 07 1994  99 99 1999  0
11 08 1954  07 11 1990  99 99 1999  0
05 02 1966  05 06 1991  99 99 1999  0
05 09 1962  01 22 1990  99 99 1999  0
10 12 1965  11 01 1993  99 99 1999  0
08 26 1958  09 15 1987  07 05 1991  0
05 22 1957  03 22 1993  99 99 1999  0
01 24 1935  04 25 1988  99 99 1999  0
07 31 1950  06 22 1981  11 18 1994  0
08 31 1952  07 23 1990  11 20 1990  1
02 14 1935  02 27 1984  99 99 1999  0
06 27 1948  01 14 1991  99 99 1999  0
01 28 1962  08 24 1992  99 99 1999  0
09 10 1970  10 23 1990  10 18 1991  1
09 17 1926  04 02 1969  09 01 1993  0
12 10 1939  11 27 1989  99 99 1999  0
11 08 1950  09 10 1990  06 19 1992  1
12 01 1949  04 29 1991  07 09 1991  1
11 11 1948  12 20 1990  06 08 1993  1
01 31 1962  06 25 1990  08 15 1991  0
01 01 1929  05 01 1987  03 06 1992  0
12 17 1968  05 23 1994  99 99 1999  0
07 13 1947  06 30 1969  99 99 1999  0
06 14 1935  10 16 1959  99 99 1999  0
10 17 1928  09 03 1985  99 99 1999  0
01 18 1941  01 16 1989  99 99 1999  0
01 15 1929  11 11 1991  05 28 1993  0
08 29 1943  06 15 1964  99 99 1999  0
09 15 1938  01 16 1995  99 99 1999  0
01 10 1937  10 22 1978  10 02 1992  1
03 18 1946  02 03 1992  04 24 1992  1
08 02 1922  12 03 1984  06 15 1993  1
08 05 1963  08 29 1993  99 99 1999  0
10 05 1938  07 11 1965  99 99 1999  0
04 25 1961  05 20 1991  03 11 1993  1
03 24 1953  12 12 1994  99 99 1999  0
06 05 1969  06 01 1992  09 02 1994  1
10 10 1945  08 16 1988  99 99 1999  0
06 13 1956  08 06 1979  99 99 1999  0
99 99 1999  02 03 1992  02 14 1992  0
04 01 1970  06 22 1992  10 02 1992  0
09 23 1964  03 15 1994  99 99 1999  0
09 21 1945  11 05 1990  01 24 1992  1
09 05 1950  04 05 1989  99 99 1999  0
12 07 1959  10 01 1990  09 03 1993  0
09 15 1951  04 22 1991  05 08 1992  0
05 03 1957  10 12 1989  99 99 1999  0
05 15 1972  06 06 1994  07 22 1994  0
07 17 1933  01 03 1989  09 10 1993  0
05 02 1967  05 06 1991  99 99 1999  0
12 24 1964  03 04 1991  05 13 1994  0
04 11 1949  01 06 1992  03 02 1993  1
03 28 1964  05 10 1993  99 99 1999  0
05 19 1961  05 16 1994  99 99 1999  0
01 25 1950  02 25 1974  10 02 1992  1
05 24 1947  08 24 1988  99 99 1999  0
07 07 1949  03 15 1982  99 99 1999  0
09 04 1942  02 03 1992  03 31 1993  1
03 24 1946  02 20 1989  99 99 1999  0
12 07 1931  12 10 1978  03 02 1993  1
08 29 1961  09 18 1989  12 05 1991  1
05 02 1967  09 11 1989  99 99 1999  0
09 11 1954  04 07 1994  99 99 1999  0
04 05 1963  03 08 1993  99 99 1999  0
11 13 1963  11 13 1989  99 99 1999  0
10 15 1941  09 01 1989  05 01 1992  1
09 14 1938  12 29 1990  08 16 1991  1
06 01 1963  09 16 1985  99 99 1999  0
03 15 1948  11 09 1981  99 99 1999  0
01 22 1955  05 20 1991  99 99 1999  0
09 16 1949  11 06 1989  05 01 1992  1
11 24 1932  05 07 1990  01 07 1994  1
05 11 1948  01 09 1995  99 99 1999  0
10 20 1950  12 10 1990  05 28 1993  1
05 13 1970  05 23 1994  08 12 1994  0
05 11 1959  09 17 1984  99 99 1999  0
11 23 1959  11 30 1992  99 99 1999  0
12 30 1936  05 28 1991  02 02 1993  1
04 01 1957  08 10 1987  99 99 1999  0
01 27 1954  03 24 1991  10 02 1992  0
03 25 1936  01 02 1991  11 08 1991  1
05 26 1947  02 16 1991  03 19 1993  1
09 10 1922  02 25 1991  07 21 1992  1
12 06 1933  08 07 1989  06 04 1993  1
11 25 1950  10 19 1992  07 01 1993  0
02 24 1954  04 20 1981  01 27 1995  0
08 27 1938  08 20 1990  01 01 1992  1
04 04 1967  05 13 1991  99 99 1999  0
12 28 1938  08 27 1991  99 99 1999  0
03 26 1929  03 20 1965  08 03 1992  1
12 24 1951  01 06 1992  01 01 1994  0
07 17 1952  04 06 1992  04 17 1992  0
05 11 1946  01 02 1991  99 99 1999  0
11 20 1959  09 28 1992  99 99 1999  0
99 99 1999  03 02 1992  05 22 1992  0
02 22 1943  10 01 1991  99 99 1999  0
02 18 1965  04 25 1994  99 99 1999  0
12 19 1947  07 31 1991  03 01 1993  0
04 04 1958  01 12 1982  99 99 1999  0
03 29 1972  12 10 1993  08 01 1994  0
05 07 1968  07 06 1992  12 29 1993  0
11 04 1955  02 25 1991  06 15 1993  1
05 04 1964  05 24 1993  99 99 1999  0
03 21 1970  07 27 1992  99 99 1999  0
06 14 1941  06 10 1991  03 12 1993  1
12 01 1971  03 18 1994  08 28 1994  0
07 11 1971  08 01 1994  99 99 1999  0
03 25 1935  07 14 1961  99 99 1999  0
11 01 1961  03 27 1986  99 99 1999  0
12 19 1961  01 04 1993  01 10 1994  1
01 28 1968  01 13 1992  03 04 1994  0
06 01 1941  10 14 1991  10 02 1992  0
08 15 1939  10 01 1984  08 01 1992  0
02 14 1949  05 11 1992  11 29 1992  0
05 15 1961  11 08 1988  06 01 1990  0
11 28 1956  07 01 1982  99 99 1999  0
08 06 1964  07 06 1992  01 29 1993  0
09 23 1933  04 11 1966  04 24 1992  1
03 21 1940  01 02 1991  99 99 1999  0
10 07 1972  09 17 1993  08 01 1994  0
06 30 1932  10 01 1951  09 22 1992  1
03 06 1953  02 01 1993  11 24 1993  0
06 30 1940  11 25 1991  10 02 1992  0
09 09 1965  01 18 1988  99 99 1999  0
08 01 1944  05 01 1969  99 99 1999  0
06 22 1960  05 02 1988  99 99 1999  0
01 29 1938  08 18 1988  99 99 1999  0
10 15 1956  10 14 1991  12 11 1992  0
04 12 1940  10 01 1984  99 99 1999  0
12 04 1951  01 28 1991  11 08 1991  1









