
# This is a shell archive.  Remove anything before this line,
# then unpack it by saving it in a file and typing "sh file".
#
# Wrapped by Mike Meyer <mikem@desire> on Tue Jun 28 14:27:05 1994
#
# This archive contains:
#	./DATA_FILES/	
#

LANG=""; export LANG
PATH=/bin:/usr/bin:$PATH; export PATH

echo mkdir - DATA_FILES/
mkdir DATA_FILES/

echo x - DATA_FILES//Bush_\%_88_vote
cat >DATA_FILES//Bush_\%_88_vote <<'@EOF'
STATE	BUSH%88	REGION
Alabama	60	1
Alaska	62	4
Arizona	61	4
Arkansas	57	1
California	52	4
Colorado	54	4
Connecticut	52	2
Delaware	57	2
Florida	61	1
Georgia	60	1
Hawaii	45	4
Idaho	63	4
Illinios	51	3
Indiana	60	3
Iowa	45	3
Kansas	57	3
Kentucky	56	3
Louisiana	55	1
Maine	56	2
Maryland	51	2
Massachusetts	46	2
Michigan	54	3
Minnesota	46	3
Mississippi	60	1
Missouri	52	3
Montana	53	4
Nebraska	60	3
Neveda	60	4
New Hampshire	63	2
New Jersey	57	2
New Mexico	52	4
New York	48	2
North Carolina	58	1
North Dakota	56	3
Ohio	55	3
Oklahoma	58	4
Oregon	47	4
Pennsylvania	51	2
Rhode Island	44	2
South Carolina	62	1
South Dakota	53	3
Tennessee	58	1
Texas	56	1
Utah	67	4
Vermont	51	2
Virginia	60	1
Washington	49	4
West Virginia	48	2
Wisconsin	48	3
Wyoming	61	4
@EOF

chmod 644 DATA_FILES//Bush_\%_88_vote

echo x - DATA_FILES//Census_1980
cat >DATA_FILES//Census_1980 <<'@EOF'
STATE	OVER65%	MEDAGE	PERCAP$	COLLEGE%	HS%
Maine	12.5	30.4	7756	14	68.7
New Hampshire	11.2	30.1	9217	18.4	72.3
Vermont	11.4	29.4	7970	19.5	71
Massachusetts	12.7	31.2	10096	20	72.2
Rhode Island	13.4	31.8	9200	15.3	61.1
Connecticut	11.7	32	11559	21.2	70.3
New York	12.3	31.9	10242	18.7	66.3
New Jersey	11.7	32.2	10811	18.6	67.4
Pennsylvania	12.9	32.1	9352	13.8	64.7
Ohio	10.8	29.9	9401	14.8	67
Indiana	10.7	29.2	8970	12.4	66.4
Illinios	11	29.9	10448	14.5	66.5
Michigan	9.8	28.8	9798	15.2	68
Wisconsin	12	29.4	9361	14.9	69.6
Minnesota	11.8	29.2	9662	16.7	73.1
Iowa	13.3	30	9211	14.1	71.5
Missouri	13.2	30.9	8856	14	63.5
North Dakota	12.3	28.3	8651	15.2	66.4
South Dakota	13.2	28.9	7815	14.2	67.9
Nebraska	13.1	29.7	8887	16.1	73.4
Kansas	13	30.1	9799	15.7	73.3
Delaware	10	29.8	9949	16.3	68.6
Maryland	9.4	30.3	10365	19.8	67.4
Virginia	9.5	29.8	9446	19.2	62.4
West Virginia	12.2	30.4	7747	10.5	56
North Carolina	10.3	29.6	7774	13.4	54.8
South Carolina	9.2	28.1	7389	14.2	53.7
Georgia	9.5	28.7	8041	15.3	56.4
Florida	17.3	34.7	9245	14.7	66.7
Kentucky	11.2	29.1	7644	11	53.1
Tennessee	11.3	30.1	7689	11.9	56.2
Alabama	11.3	29.3	7454	12.6	56.5
Mississippi	11.5	27.7	6614	13	54.8
Arkansas	13.7	30.6	7099	9.7	55.5
Louisiana	9.6	27.4	8404	13.4	57.7
Oklahoma	12.4	30.1	9029	15.7	66
Texas	9.6	28.2	9439	16	62.6
Montana	10.7	29	8334	17.3	74.4
Idaho	9.9	27.6	8100	16.1	73.7
Wyoming	7.9	27.1	11009	17.2	77.9
Colorado	8.6	28.6	10147	23	78.6
New Mexico	8.9	27.4	7947	17.3	68.9
Arizona	11.3	29.2	8855	16.8	72.4
Utah	7.5	24.2	7679	20.3	80
Neveda	8.2	30.2	10845	15.1	75.5
Washington	10.4	29.8	10248	18.8	77.6
Oregon	11.5	30.2	9319	17.2	75.6
California	10.2	29.9	11020	19.8	73.5
Alaska	2.9	26.1	13007	22.4	82.5
Hawaii	7.9	28.4	10129	20.3	73.8
@EOF

chmod 644 DATA_FILES//Census_1980

echo x - DATA_FILES//Burglaries_Massachusetts
cat >DATA_FILES//Burglaries_Massachusetts <<'@EOF'
CITY	BURGLARIES	POPULATION
Boston	9163	579921
Brockton	1913	94741
Fall River	1997	89595
Malden	446	53892
Medford	349	57256
New Bedford	2352	95570
Quincy	787	83864
Somerville	537	72822
Springfield	3694	149842
Waltham	561	57518
Weymouth	385	55333
Worchester	3378	159124
@EOF

chmod 644 DATA_FILES//Burglaries_Massachusetts

echo x - DATA_FILES//Census_median_age
cat >DATA_FILES//Census_median_age <<'@EOF'
STATE	OVER65%	MEDIAN AGE
Maine	12.5	30.4
New Hampshire	11.2	30.1
Vermont	11.4	29.4
Massachusetts	12.7	31.2
Rhode Island	13.4	31.8
Connecticut	11.7	32
New York	12.3	31.9
New Jersey	11.7	32.2
Pennsylvania	12.9	32.1
Ohio	10.8	29.9
Indiana	10.7	29.2
Illinios	11	29.9
Michigan	9.8	28.8
Wisconsin	12	29.4
Minnesota	11.8	29.2
Iowa	13.3	30
Missouri	13.2	30.9
North Dakota	12.3	28.3
South Dakota	13.2	28.9
Nebraska	13.1	29.7
Kansas	13	30.1
Delaware	10	29.8
Maryland	9.4	30.3
D.C.	11.6	31.1
Virginia	9.5	29.8
West Virginia	12.2	30.4
North Carolina	10.3	29.6
South Carolina	9.2	28.1
Georgia	9.5	28.7
Florida	17.3	34.7
Kentucky	11.2	29.1
Tennessee	11.3	30.1
Alabama	11.3	29.3
Mississippi	11.5	27.7
Arkansas	13.7	30.6
Louisiana	9.6	27.4
Oklahoma	12.4	30.1
Texas	9.6	28.2
Montana	10.7	29
Idaho	9.9	27.6
Wyoming	7.9	27.1
Colorado	8.6	28.6
New Mexico	8.9	27.4
Arizona	11.3	29.2
Utah	7.5	24.2
Neveda	8.2	30.2
Washington	10.4	29.8
Oregon	11.5	30.2
California	10.2	29.9
Alaska	2.9	26.1
Hawaii	7.9	28.4
@EOF

chmod 644 DATA_FILES//Census_median_age

echo x - DATA_FILES//Class_ratings_and_size
cat >DATA_FILES//Class_ratings_and_size <<'@EOF'
RATING	SIZE
4.7	12
4.5	25
4.4	19
4.5	20
4.3	20
4.3	18
4.1	21
4.3	13
4.5	23
2.7	15
2.9	23
4.8	21
3.7	47
4.4	15
4.25	12
4.92	12
4.22	18
4.58	12
4.47	16
3.96	12
3.5	14
4.6	20
4	10
2.2	5
3.67	52
3	16
4.93	14
4.76	29
4.96	23
4.95	22
3.89	22
4.66	19
4.62	29
4.24	21
3.4	11
2.9	11
3.38	38
3.18	17
2.96	24
4.75	24
4.48	23
4.87	49
4.81	26
4.12	17
4.03	29
3.96	24
4.4	26
3.5	10
3.75	8
5	2
4.84	26
4.72	23
4.93	28
4.46	23
4.2	27
4.32	19
4.38	27
4.42	27
4.87	31
3.1	10
4.83	21
4.75	28
4.49	90
4.25	14
4.19	19
4.08	13
3.71	28
3.35	10
3.36	7
4.43	21
3.76	19
4.96	25
4.83	18
4.97	23
4.86	29
3.83	27
4.12	33
2.65	17
4.59	30
2.69	18
3.84	21
4.8	57
3.85	18
4.17	24
4.59	14
2.94	12
4.43	28
4.06	29
4.75	27
4.71	24
4.63	22
4.85	31
4.59	30
3.17	20
3.71	18
4.29	28
3.13	13
4.25	27
3.34	14
4.82	20
4.7	21
4.8	17
4.1	17
4.4	28
4.6	9
4.5	28
4.3	14
4.5	20
3	20
3.9	4
2.7	7
4.5	26
4.2	52
4.8	30
4	29
4.5	18
3.8	14
3.7	13
3.8	16
2.7	36
2.8	24
4.1	26
3	11
3.3	17
2.3	9
2	5
4.2	23
4.9	13
4.4	14
4.7	20
4.4	19
4.8	22
4.1	20
4.8	21
4.6	17
3.6	30
3.5	10
4.2	13
3.7	24
3.6	15
4.4	16
4.9	17
4.9	13
4.8	26
3.2	22
2.7	16
4.3	28
4.6	35
4.6	14
4.6	20
4.6	22
3.6	23
3.9	11
4.3	15
4.6	25
4.1	17
3	19
3.9	14
4.9	26
4.7	14
4.9	21
4.8	17
3.3	26
3.1	11
4.6	26
4.4	20
3.4	27
4.2	16
4.3	20
2.8	20
2.9	14
3.3	22
3.5	23
4.1	18
4.7	32
@EOF

chmod 644 DATA_FILES//Class_ratings_and_size

echo x - DATA_FILES//Cleveland_temp
cat >DATA_FILES//Cleveland_temp <<'@EOF'
YEAR	AVE TEMP
1934	50.9
1935	50.1
1936	50.3
1937	50.4
1938	52.7
1939	52.3
1940	49
1941	51.8
1942	50.7
1943	49.6
1944	51.1
1945	50
1946	52.5
1947	50.2
1948	50.7
1949	52.9
1950	49.7
1951	50.5
1952	52.1
1953	53
1954	52.3
1955	52.3
1956	50.9
1957	51
1958	49.4
1959	51.8
1960	48.1
1961	49.7
1962	49
1963	47.4
1964	49.8
1965	49.9
1966	48.5
1967	49.7
1968	48.6
1969	49
1970	49.9
1971	49.8
1972	48.5
1973	52.6
1974	50.1
1975	50.5
1976	48.6
1977	49.3
1978	49.2
1979	49.2
1980	48
1981	49.1
1982	50.1
1983	51
1984	49
1985	49.4
1986	50.8
1987	51.4
@EOF

chmod 644 DATA_FILES//Cleveland_temp

echo x - DATA_FILES//Columbus_snow
cat >DATA_FILES//Columbus_snow <<'@EOF'
YEAR	SNOW	TEMP
1974	2.3	33.2
1975	8.1	32.5
1976	12.4	24.0
1977	18.1	11.4
1978	34.4	19.0
1979	17.3	21.4
1980	7.0	29.3
1981	7.8	23.3
1982	11.8	21.2
1983	2.6	29.9
1984	9.0	23.3
1985	21.9	21.7
1986	4.8	30.1
1987	2.7	29.9
1988	8.4	26.5
1989	0.6	36.6
1990	3.3	37.7
@EOF

chmod 644 DATA_FILES//Columbus_snow

echo x - DATA_FILES//Credits_Oberlin
cat >DATA_FILES//Credits_Oberlin <<'@EOF'
CREDITS
23
30
24
11
26
11
28
30
19
27
29
30
18
25
27
24
30
25
28
23
24
28
24
29
30
31
26
29
29
28
31
19
27
27
20
25
28
30
24
25
24
28
25
22
29
15
30
27
27
26
@EOF

chmod 644 DATA_FILES//Credits_Oberlin

echo x - DATA_FILES//Cereal
sed 's/^@//' >DATA_FILES//Cereal <<'@EOF'
CEREAL	CALORIES	SUGER	FIBER
Common Sense Oat Bran	100	6	3
Product 19	100	3	1
All Bran Xtra Fiber	50	0	14
Just Right	140	9	2
Original Oat Bran	70	5	10
Heartwise	90	5	6
Special K	110	3	0
Oatbake Raisin Nut	110	8	2
Kenmei Rice Bran	150	9	2
Nutri Grain	100	2	3
Shredded Wheat Squares	90	5	3
Oatmeal raisin Crisp	110	6	1
hole Wheat Total	100	3	3
Cheerios	110	1	2
Total Raisin Bran	86.7	9.3	3.3
Wheaties	100	3	3
Raisin Nut Bran	110	8	3
Wheat Chex	100	3	2
Batman	110	10	0
Ninja Turtles	110	13	0
Capt. Crunch	120	12	0
Trix	110	12	0
Frosted Flakes	110	11	0
Honey Smacks	110	15	1
Froot Loops	110	13	1
Puffed Rice	100	0	0
Mueslix Crispy Blend	160	13	3
Uncle Sam	110	0	7
100% Bran	70	6	10
Fruit & Fiber	96	6.4	4
Bran Flakes	90	5	5
Bran Buds	70	1	8
Fruit'n Oat Bran	110	0	4
Fruit'n Oat Bran Crunch	60	0	13
Hodgson's Mill Wheat	108	0	4
Hodgson's Mill Oat Bran	77	0	6
@EOF

chmod 644 DATA_FILES//Cereal

echo x - DATA_FILES//Challenger
cat >DATA_FILES//Challenger <<'@EOF'
TEMP	INCIDENTS
66	0
70	1
69	0
68	0
67	0
72	0
73	0
70	0
57	1
63	1
70	1
78	0
67	0
53	3
67	0
75	0
70	0
81	0
76	0
79	0
75	2
76	0
58	1
@EOF

chmod 644 DATA_FILES//Challenger

echo x - DATA_FILES//Dodgers_attendance
cat >DATA_FILES//Dodgers_attendance <<'@EOF'
ATTENDANCE	WEEKEND
47136	0
44312	1
43836	1
39520	1
32489	0
33619	0
48295	0
47251	1
48437	1
48493	1
27630	0
29310	0
34861	0
36689	0
46767	1
47389	1
46329	1
32199	0
37089	0
27781	0
47034	1
47083	1
46060	1
44953	0
25336	0
22858	0
46912	1
42207	1
41032	1
28161	0
29073	0
30430	0
42782	0
33372	1
42940	1
43050	1
37385	0
33708	0
36128	0
46411	1
33692	1
40789	1
29673	0
@EOF

chmod 644 DATA_FILES//Dodgers_attendance

echo x - DATA_FILES//Draft_lottery
cat >DATA_FILES//Draft_lottery <<'@EOF'
BIRTHDAY	NUMBER
1	305
2	159
3	251
4	215
5	101
6	224
7	306
8	199
9	194
10	325
11	329
12	221
13	318
14	238
15	17
16	121
17	235
18	140
19	58
20	280
21	186
22	337
23	118
24	59
25	52
26	92
27	355
28	77
29	349
30	164
31	211
32	86
33	144
34	297
35	210
36	214
37	347
38	91
39	181
40	338
41	216
42	150
43	68
44	152
45	4
46	89
47	212
48	189
49	292
50	25
51	302
52	363
53	290
54	57
55	236
56	179
57	365
58	205
59	299
60	285
61	108
62	29
63	267
64	275
65	293
66	139
67	122
68	213
69	317
70	323
71	136
72	300
73	259
74	354
75	169
76	166
77	33
78	332
79	200
80	239
81	334
82	265
83	256
84	258
85	343
86	170
87	268
88	223
89	362
90	217
91	30
92	32
93	271
94	83
95	81
96	269
97	253
98	147
99	312
100	219
101	218
102	14
103	346
104	124
105	231
106	273
107	148
108	260
109	90
110	336
111	345
112	62
113	316
114	252
115	2
116	351
117	340
118	74
119	262
120	191
121	208
122	330
123	298
124	40
125	276
126	364
127	155
128	35
129	321
130	197
131	65
132	37
133	133
134	295
135	178
136	130
137	55
138	112
139	278
140	75
141	183
142	250
143	326
144	319
145	31
146	361
147	357
148	296
149	308
150	226
151	103
152	313
153	249
154	228
155	301
156	20
157	28
158	110
159	85
160	366
161	335
162	206
163	134
164	272
165	69
166	356
167	180
168	274
169	73
170	341
171	104
172	360
173	60
174	247
175	109
176	358
177	137
178	22
179	64
180	222
181	353
182	209
183	93
184	350
185	115
186	279
187	188
188	327
189	50
190	13
191	277
192	284
193	248
194	15
195	42
196	331
197	322
198	120
199	98
200	190
201	227
202	187
203	27
204	153
205	172
206	23
207	67
208	303
209	289
210	88
211	270
212	287
213	193
214	111
215	45
216	261
217	145
218	54
219	114
220	168
221	48
222	106
223	21
224	324
225	142
226	307
227	198
228	102
229	44
230	154
231	141
232	311
233	344
234	291
235	339
236	116
237	36
238	286
239	245
240	352
241	167
242	61
243	333
244	11
245	225
246	161
247	49
248	232
249	82
250	6
251	8
252	184
253	263
254	71
255	158
256	242
257	175
258	1
259	113
260	207
261	255
262	246
263	177
264	63
265	204
266	160
267	119
268	195
269	149
270	18
271	233
272	257
273	151
274	315
275	359
276	125
277	244
278	202
279	24
280	87
281	234
282	283
283	342
284	220
285	237
286	72
287	138
288	294
289	171
290	254
291	288
292	5
293	241
294	192
295	243
296	117
297	201
298	196
299	176
300	7
301	264
302	94
303	229
304	38
305	79
306	19
307	34
308	348
309	266
310	310
311	76
312	51
313	97
314	80
315	282
316	46
317	66
318	126
319	127
320	131
321	107
322	143
323	146
324	203
325	185
326	156
327	9
328	182
329	230
330	132
331	309
332	47
333	281
334	99
335	174
336	129
337	328
338	157
339	165
340	56
341	10
342	12
343	105
344	43
345	41
346	39
347	314
348	163
349	26
350	320
351	96
352	304
353	128
354	240
355	135
356	70
357	53
358	162
359	95
360	84
361	173
362	78
363	123
364	16
365	3
366	100
@EOF

chmod 644 DATA_FILES//Draft_lottery

echo x - DATA_FILES//Florida_population
cat >DATA_FILES//Florida_population <<'@EOF'
YEAR	POPULATION
1830	34730
1840	54477
1850	87445
1860	140424
1870	187748
1880	269493
1890	391422
1900	528542
1910	752619
1920	968470
1930	1468211
1940	1897414
1950	2771305
1960	4951560
1970	6791418
1980	9747197
1990	12937926
@EOF

chmod 644 DATA_FILES//Florida_population

echo x - DATA_FILES//HS_graduation_rates_1987
cat >DATA_FILES//HS_graduation_rates_1987 <<'@EOF'
STATE	PERCENT	WEST
Washington	77.8	1
Oregon	72.8	1
California	66.1	1
Nevada	72.1	1
Idaho	78.8	1
Montana	86.2	1
Wyoming	89.3	1
Utah	80.6	1
Colorado	73.7	1
Arizona	64.4	1
New Mexico	71.7	1
Texas	65.1	1
Oklahoma	72.6	1
Kansas	82.1	1
Nebraska	86.7	1
South Dakota	79.7	1
North Dakota	88.4	1
Minnesota	90.6	1
Iowa	86.4	1
Missouri	74.4	1
Arkansas	77.5	1
Louisiana	60.1	1
Mississippi	64.8	0
Alabama	70.2	0
Georgia	62.5	0
Florida	58.6	0
South Carolina	66.9	0
North Carolina	67.8	0
Tennessee	67.8	0
Kentucky	67.4	0
West Virginia	76.2	0
Ohio	82.8	0
Indiana	73.7	0
Illinios	75.7	0
Wisconsin	85.4	0
Michigan	62.4	0
Pennsylvania	78.7	0
New York	62.9	0
Vermont	78	0
New Hampshire	72.7	0
Maine	79.3	0
Massechusetts	76.5	0
Rhode Island	69.4	0
Connecticut	80.5	0
New Jersey	77.2	0
Delaware	70.1	0
Maryland	74.5	0
Virginia	74	0
Hawaii	70.8	1
Alaska	66.7	1
D.C.	55.5	0
@EOF

chmod 644 DATA_FILES//HS_graduation_rates_1987

echo x - DATA_FILES//Height_by_sex
cat >DATA_FILES//Height_by_sex <<'@EOF'
SEX	HEIGHT
0	68
1	64
1	67
1	64
1	67
1	60
1	60
0	71
0	71
1	70
1	64
0	73
1	65
1	63
1	66
0	68
0	70
1	67
1	64
1	61
1	62
1	64
1	61
1	63
1	68
0	69
1	63
1	72
0	73
1	63
1	66
1	66
0	66
1	65
0	68
1	64
1	67
1	62
1	67
1	64
1	67
1	63
1	66
1	62
1	64
1	69
1	64
0	70
0	66
1	64
0	72
1	63
1	68
0	73
1	62
0	73
1	64
0	70
0	65
0	75
1	62
1	67
1	65
1	62
0	72
1	63
0	70
1	69
0	67
1	58
1	66
0	64
0	72
1	65
0	67
1	64
@EOF

chmod 644 DATA_FILES//Height_by_sex

echo x - DATA_FILES//June_rain
cat >DATA_FILES//June_rain <<'@EOF'
YEAR	JUNE RAIN
1938	2.45
1939	3.25
1940	3.68
1941	2.79
1942	4.09
1943	4.02
1944	3.04
1945	4.41
1946	5.14
1947	6.07
1948	3.95
1949	1.63
1950	3.77
1951	3.25
1952	1.48
1953	3.3
1954	1.38
1955	2.68
1956	4.14
1957	5.85
1958	4.67
1959	1.82
1960	3.01
1961	2.95
1962	2.95
1963	1.93
1964	2.06
1965	3.05
1966	1.83
1967	1.17
1968	2.32
1969	4.61
1970	4.98
1971	3.79
1972	9.06
1973	6.72
1974	3.57
1975	4.1
1976	3.64
1977	4.91
1978	3.3
@EOF

chmod 644 DATA_FILES//June_rain

echo x - DATA_FILES//Laughter_and_funniness
cat >DATA_FILES//Laughter_and_funniness <<'@EOF'
LAUGH-TRACK	LAUGHTER	FUNNINESS
1	0.59	2.35
1	0.6	2.44
2	0	3.28
1	0.35	1.96
1	0	2.54
1	0.42	2.61
1	0.59	1.69
2	0	3.38
2	0.2	3.42
2	0.59	3.27
2	1.21	3.63
2	1.07	3.96
2	0.52	3.5
1	0.45	2.68
1	0.3	1.73
1	0.39	2
1	0.2	3.28
2	0.2	3.4
1	0	2.81
2	0	3.31
1	0.45	2
1	0.48	2.23
2	0.35	3.52
2	0.68	3.96
2	0.81	3.69
1	1.04	2.04
1	0.83	2.88
1	0.5	1.79
1	0.88	1.88
2	0.35	1.72
1	0.48	1.96
1	0.44	2.31
1	0.59	2.17
2	0.44	2.5
2	1.04	3.96
2	0.44	3.35
2	0.28	3.48
2	0.66	3.64
1	0.65	2.62
1	0	2.56
2	0.82	3.8
2	0.88	3.35
2	0.77	2.96
@EOF

chmod 644 DATA_FILES//Laughter_and_funniness

echo x - DATA_FILES//Mourning_doves
cat >DATA_FILES//Mourning_doves <<'@EOF'
TIME
90
205
130
52
69
67
58
35
38
45
48
38
64
34
108
37
87
23
72
45
33
49
59
28
29
40
66
24
72
30
77
104
149
34
56
71
34
115
25
23
61
112
168
31
65
34
68
81
22
28
33
42
70
54
51
31
46
37
32
58
79
56
27
74
55
30
29
143
102
42
83
68
74
@EOF

chmod 644 DATA_FILES//Mourning_doves

echo x - DATA_FILES//NFL_1987
cat >DATA_FILES//NFL_1987 <<'@EOF'
WINNER	LOSER	MARGIN
48	10	38
20	16	4
30	17	13
28	21	7
24	13	11
20	13	7
34	24	10
34	19	15
28	21	7
31	28	3
23	21	2
40	17	23
20	0	20
34	19	15
16	14	2
20	3	17
21	20	1
27	17	10
21	16	5
34	30	4
27	26	1
23	10	13
34	10	24
17	17	0
28	24	4
27	7	20
43	14	29
28	21	7
10	9	1
37	10	27
35	3	32
38	24	14
17	0	17
31	27	4
47	6	41
20	10	10
35	17	18
40	10	30
24	20	4
28	12	16
23	16	7
42	0	42
38	12	26
25	17	8
14	7	7
24	19	5
15	10	5
27	7	20
41	22	19
6	0	6
10	0	10
17	13	4
19	16	3
31	21	10
17	10	7
37	14	23
37	31	6
34	10	24
21	7	14
21	7	14
34	28	6
6	3	3
23	17	6
16	10	6
20	10	10
26	17	9
19	17	2
24	20	4
31	28	3
23	17	6
27	7	20
38	0	38
19	14	5
26	23	3
35	24	11
27	24	3
31	29	2
28	23	5
31	10	21
28	17	11
34	0	34
26	24	2
16	13	3
27	20	7
31	27	4
31	20	11
38	3	35
31	14	17
27	17	10
21	14	7
20	14	6
31	28	3
17	10	7
17	16	1
40	21	19
16	9	7
23	17	6
27	21	6
26	24	2
24	13	11
23	17	6
20	13	7
23	3	20
20	17	3
27	24	3
16	10	6
16	14	2
17	14	3
24	0	24
20	14	6
40	7	33
30	16	14
34	3	31
23	17	6
30	10	20
24	13	11
24	10	14
31	19	12
23	14	9
23	3	20
51	27	24
27	0	27
27	20	7
34	31	3
38	24	14
31	17	14
23	19	4
27	20	7
23	10	13
35	3	32
34	21	13
20	16	4
44	38	6
44	33	11
23	12	11
34	17	17
30	24	6
17	3	14
31	20	11
33	18	15
13	9	4
21	10	11
30	27	3
23	20	3
37	16	21
34	21	13
28	10	18
27	3	24
42	20	22
20	16	4
28	21	7
24	10	14
16	10	6
20	10	10
33	0	33
27	24	3
16	10	6
24	20	4
38	24	14
@EOF

chmod 644 DATA_FILES//NFL_1987

echo x - DATA_FILES//Oberlin_temp_1988
cat >DATA_FILES//Oberlin_temp_1988 <<'@EOF'
TEMP	MONTH	DAY
39	1	1
24	1	2
27	1	3
34	1	4
23	1	5
8	1	6
14	1	7
19	1	8
24	1	9
23	1	10
22	1	11
36	1	12
48	1	13
25	1	14
19	1	15
35	1	16
50	1	17
44	1	18
40	1	19
53	1	20
55	1	21
31	1	22
29	1	23
37	1	24
38	1	25
38	1	26
17	1	27
18	1	28
25	1	29
49	1	30
54	1	31
59	2	32
40	2	33
28	2	34
31	2	35
31	2	36
13	2	37
8	2	38
24	2	39
27	2	40
31	2	41
25	2	42
36	2	43
18	2	44
17	2	45
44	2	46
35	2	47
35	2	48
42	2	49
43	2	50
40	2	51
38	2	52
38	2	53
58	2	54
37	2	55
29	2	56
27	2	57
42	2	58
31	2	59
45	2	60
43	3	61
43	3	62
47	3	63
30	3	64
29	3	65
38	3	66
44	3	67
48	3	68
64	3	69
49	3	70
39	3	71
55	3	72
52	3	73
33	3	74
31	3	75
29	3	76
34	3	77
38	3	78
37	3	79
40	3	80
27	3	81
29	3	82
56	3	83
72	3	84
64	3	85
57	3	86
60	3	87
41	3	88
62	3	89
76	3	90
50	3	91
53	4	92
62	4	93
67	4	94
63	4	95
62	4	96
80	4	97
73	4	98
39	4	99
44	4	100
50	4	101
54	4	102
55	4	103
64	4	104
65	4	105
61	4	106
40	4	107
49	4	108
67	4	109
44	4	110
46	4	111
58	4	112
49	4	113
55	4	114
78	4	115
51	4	116
57	4	117
65	4	118
51	4	119
46	4	120
49	4	121
63	5	122
65	5	123
64	5	124
56	5	125
60	5	126
59	5	127
71	5	128
69	5	129
83	5	130
76	5	131
71	5	132
62	5	133
76	5	134
74	5	135
69	5	136
87	5	137
71	5	138
62	5	139
60	5	140
61	5	141
66	5	142
77	5	143
83	5	144
81	5	145
69	5	146
56	5	147
75	5	148
82	5	149
85	5	150
89	5	151
89	5	152
90	6	153
89	6	154
62	6	155
62	6	156
71	6	157
83	6	158
91	6	159
90	6	160
73	6	161
61	6	162
65	6	163
80	6	164
89	6	165
92	6	166
95	6	167
93	6	168
66	6	169
74	6	170
85	6	171
90	6	172
96	6	173
96	6	174
97	6	175
75	6	176
83	6	177
104	6	178
73	6	179
77	6	180
80	6	181
72	6	182
68	7	183
74	7	184
80	7	185
87	7	186
91	7	187
95	7	188
97	7	189
100	7	190
98	7	191
96	7	192
92	7	193
86	7	194
83	7	195
91	7	196
96	7	197
96	7	198
100	7	199
85	7	200
91	7	201
82	7	202
80	7	203
82	7	204
83	7	205
83	7	206
84	7	207
84	7	208
82	7	209
87	7	210
89	7	211
94	7	212
89	7	213
83	8	214
92	8	215
96	8	216
94	8	217
92	8	218
92	8	219
86	8	220
87	8	221
90	8	222
89	8	223
87	8	224
92	8	225
94	8	226
92	8	227
93	8	228
86	8	229
89	8	230
100	8	231
81	8	232
74	8	233
78	8	234
77	8	235
77	8	236
70	8	237
79	8	238
82	8	239
74	8	240
79	8	241
67	8	242
72	8	243
72	8	244
76	9	245
80	9	246
83	9	247
68	9	248
73	9	249
59	9	250
61	9	251
68	9	252
75	9	253
78	9	254
80	9	255
80	9	256
76	9	257
70	9	258
76	9	259
70	9	260
77	9	261
79	9	262
83	9	263
76	9	264
74	9	265
59	9	266
74	9	267
71	9	268
67	9	269
70	9	270
73	9	271
80	9	272
66	9	273
77	9	274
81	10	275
82	10	276
67	10	277
61	10	278
59	10	279
54	10	280
54	10	281
57	10	282
60	10	283
59	10	284
60	10	285
53	10	286
46	10	287
47	10	288
65	10	289
74	10	290
68	10	291
65	10	292
58	10	293
53	10	294
54	10	295
46	10	296
46	10	297
49	10	298
43	10	299
47	10	300
43	10	301
55	10	302
45	10	303
46	10	304
44	10	305
51	11	306
51	11	307
44	11	308
58	11	309
63	11	310
53	11	311
37	11	312
47	11	313
48	11	314
60	11	315
52	11	316
39	11	317
50	11	318
49	11	319
60	11	320
65	11	321
70	11	322
45	11	323
53	11	324
47	11	325
47	11	326
40	11	327
39	11	328
42	11	329
52	11	330
58	11	331
64	11	332
53	11	333
34	11	334
44	11	335
37	12	336
32	12	337
39	12	338
54	12	339
37	12	340
42	12	341
54	12	342
41	12	343
35	12	344
24	12	345
27	12	346
19	12	347
25	12	348
34	12	349
45	12	350
27	12	351
22	12	352
22	12	353
30	12	354
54	12	355
60	12	356
37	12	357
51	12	358
54	12	359
44	12	360
30	12	361
43	12	362
57	12	363
27	12	364
19	12	365
33	12	366
@EOF

chmod 644 DATA_FILES//Oberlin_temp_1988

echo x - DATA_FILES//Pres_vote_1976-1988
cat >DATA_FILES//Pres_vote_1976-1988 <<'@EOF'
BUSH%88 	REAGAN%84	REAGAN%80  	CARTER%76
60	61	50	56
62	69	62	38
61	67	62	41
57	61	39	65
52	58	54	49
54	64	57	44
52	61	49	47
57	60	48	53
61	65	56	53
60	60	41	67
45	56	44	51
63	73	68	38
51	56	50	49
60	62	57	46
45	54	52	49
57	67	59	46
56	60	49	54
55	61	52	53
56	61	47	50
51	53	45	53
46	51	42	58
54	60	50	47
46	50	44	57
60	62	50	51
52	60	52	52
53	61	58	46
60	71	66	39
60	67	65	48
63	69	58	44
57	61	53	49
52	60	56	49
48	54	48	52
58	62	50	56
56	66	65	47
55	59	52	50
58	69	61	49
47	56	50	50
51	54	50	51
44	52	37	56
62	64	50	57
53	63	61	49
58	58	49	57
56	64	56	52
67	75	74	35
51	59	45	44
60	63	54	49
49	57	51	48
48	55	46	58
48	55	49	51
61	71	64	40
@EOF

chmod 644 DATA_FILES//Pres_vote_1976-1988

echo x - DATA_FILES//SATM_SATV_Oberlin_math_majors
cat >DATA_FILES//SATM_SATV_Oberlin_math_majors <<'@EOF'
SATM	SATV
800	660
780	710
740	600
770	630
780	660
790	680
690	570
800	560
730	680
770	570
700	630
650	690
710	680
680	520
730	630
730	580
760	680
790	760
680	560
760	660
800	650
690	690
760	530
720	620
690	560
@EOF

chmod 644 DATA_FILES//SATM_SATV_Oberlin_math_majors

echo x - DATA_FILES//Science_budget
cat >DATA_FILES//Science_budget <<'@EOF'
SCI BUDGET	SCI FACULTY
*	21
49232	31
26740	32
53000	*
207928	*
*	12
70000	27
39760	19
*	39
*	30
36822	24
*	36
177776	37
271160	56
135000	44
*	40
176619	32
165875	53
89073	41
5000	11
*	28
63300	39
67436	20
*	19
87000	22
156986	41
129194	41
13700	*
151802	35
*	17
88447	34
*	33
*	24
36400	41
150000	26
27000	21
151007	47
21689	14
3600	15
*	24
*	20
131700	43
41688	22
115000	22
33620	31
105000	62
*	15
158754	35
23000	19
138648	40
*	12
*	33
*	*
*	*
11320	12
*	32
*	47
*	55
15444	9
60708	52
94518	28
240622	47
23000	18
256690	38
200000	34
249470	46
185820	58
82191	22
*	29
313847	45
81821	27
*	17
44000	22
*	35
244645	50
380475	71
45772	21
70000	22
100000	24
*	16
*	27
*	52
*	33
*	20
90000	30
*	31
227219	48
155000	36
84314	37
37200	36
48316	18
65639	31
*	26
*	11
*	16
*	19
@EOF

chmod 644 DATA_FILES//Science_budget

echo x - DATA_FILES//Shaw_and_Wells
cat >DATA_FILES//Shaw_and_Wells <<'@EOF'
SHAW	WELLS
3	2
3	3
4	3
4	4
4	4
5	4
5	4
5	4
5	5
5	5
5	5
5	6
5	6
5	6
5	6
5	6
5	7
5	7
5	7
6	7
6	7
6	7
6	7
6	7
6	7
6	7
6	7
6	7
6	7
7	7
7	7
7	8
7	8
7	8
7	8
7	8
7	8
7	8
7	8
8	8
8	8
8	8
8	8
8	8
8	9
8	9
8	9
8	9
8	9
8	9
9	9
9	9
9	9
9	9
9	9
9	9
9	10
9	10
9	10
9	10
9	10
9	10
9	10
9	10
9	10
9	10
10	10
10	10
10	10
10	10
10	10
10	10
10	10
10	10
10	10
10	10
10	10
10	11
10	11
10	11
10	11
11	11
11	11
11	11
11	11
11	11
11	11
11	11
11	11
11	11
12	12
12	12
12	12
12	12
12	12
12	12
13	12
13	12
13	12
13	12
13	12
13	12
13	12
13	12
13	12
13	12
13	12
13	12
13	12
13	12
14	12
14	12
14	13
14	13
14	13
14	13
14	13
14	13
14	13
14	13
14	13
14	13
14	13
14	13
14	13
14	13
15	13
15	13
15	13
15	13
15	13
15	13
15	13
15	13
15	13
15	13
15	13
15	13
15	13
15	13
15	14
15	14
15	14
15	14
15	14
15	14
15	14
16	14
16	14
16	14
16	14
16	14
16	14
16	14
16	14
16	14
16	14
16	14
16	14
17	14
17	14
17	15
17	15
17	15
17	15
17	15
17	15
17	15
17	15
17	15
17	15
17	15
17	15
17	15
18	15
18	15
18	15
18	15
18	15
18	15
18	15
18	15
18	15
18	15
18	16
18	16
18	16
18	16
18	16
18	16
18	16
18	16
18	16
18	16
18	16
18	16
19	16
19	16
19	16
19	16
19	16
19	16
19	16
19	16
19	16
19	16
19	16
19	16
20	16
20	16
20	16
20	17
20	17
20	17
20	17
20	17
20	17
20	17
20	17
20	17
20	17
20	17
20	17
20	17
21	17
21	17
21	17
21	17
21	17
21	17
21	17
21	17
21	17
21	18
21	18
21	18
22	18
22	18
22	18
22	18
22	18
22	18
22	18
22	18
22	18
22	18
22	18
22	18
22	18
22	18
22	18
22	18
22	19
23	19
23	19
23	19
23	19
23	19
23	19
23	19
23	19
23	19
23	19
23	19
24	19
24	19
24	19
24	19
24	19
24	19
24	19
24	19
24	19
24	19
24	19
24	19
24	19
25	19
25	19
25	19
25	20
25	20
25	20
25	20
25	20
25	20
25	20
25	20
25	20
25	20
26	20
26	20
26	20
26	20
26	20
26	20
26	20
26	20
26	20
26	20
27	20
27	20
27	20
27	20
27	20
27	21
27	21
27	21
27	21
27	21
27	21
27	21
27	21
28	21
28	21
28	21
28	21
28	21
28	21
28	21
28	21
28	21
28	21
28	22
28	22
28	22
28	22
29	22
29	22
29	22
29	22
29	22
29	22
29	22
29	23
29	23
29	23
29	23
29	23
29	23
30	23
30	23
30	23
30	23
30	23
30	23
30	23
30	23
30	23
30	23
30	23
30	23
30	23
30	23
31	24
31	24
31	24
31	24
31	24
31	24
31	24
31	24
31	24
31	24
31	24
31	24
31	25
31	25
31	25
31	25
32	25
32	25
32	25
32	25
32	25
32	25
32	25
32	25
32	25
33	25
33	26
33	26
33	26
33	26
33	26
33	26
33	26
33	26
34	26
34	26
34	26
34	26
34	26
34	26
34	26
34	26
34	26
34	27
34	27
35	27
35	27
35	27
35	27
35	27
35	28
35	28
35	28
35	28
35	28
35	28
35	28
36	28
36	28
36	28
36	28
36	29
37	29
37	29
37	29
37	29
37	29
37	29
38	29
38	29
38	29
38	29
38	29
39	29
39	29
39	29
39	30
39	30
39	30
39	30
39	30
39	30
40	30
40	30
40	30
40	30
40	30
41	31
41	31
41	31
41	31
41	31
42	31
42	31
42	31
42	31
42	31
42	31
43	31
43	31
43	31
43	31
43	31
43	32
43	32
44	32
44	32
44	32
44	32
44	32
45	32
45	33
45	33
45	33
45	33
46	33
46	33
46	33
46	34
46	34
46	34
46	34
46	34
47	34
47	34
47	34
47	34
48	34
48	34
48	34
48	35
48	35
49	35
49	35
49	35
50	35
50	35
50	35
50	35
51	36
51	36
51	36
51	36
51	36
51	36
51	36
51	37
51	37
52	37
52	37
52	37
52	37
52	38
52	38
52	38
53	38
53	38
53	39
53	39
53	39
53	39
53	39
53	40
53	40
53	40
54	40
54	41
54	41
54	41
54	41
54	41
54	41
54	41
55	42
55	42
56	42
57	42
57	42
57	42
57	43
57	43
58	43
58	43
58	43
58	43
59	44
59	44
59	44
60	44
60	45
60	45
61	45
62	45
63	45
63	45
64	46
64	46
64	46
65	46
65	46
66	47
66	47
67	47
67	47
70	47
70	48
72	48
72	49
72	50
73	50
73	50
74	50
75	51
76	52
76	52
76	52
76	52
77	52
79	54
80	54
81	54
81	54
81	55
82	55
83	56
83	56
83	56
84	58
84	58
86	60
87	60
87	60
90	61
90	63
96	63
96	63
98	63
99	66
108	68
108	69
111	70
115	71
141	71
143	74
*	79
@EOF

chmod 644 DATA_FILES//Shaw_and_Wells

echo x - DATA_FILES//Twins_batting_averages
cat >DATA_FILES//Twins_batting_averages <<'@EOF'
PLAYER	LATE BA	EARLY BA
Puckett	0.34129693	0.33625731
Dwyer	0.29166667	0.32679739
Brian Harper	0.33333333	0.31250000
Gladden	0.29797980	0.29277567
Castillo	0.19753086	0.29197080
Moses	0.27777778	0.28289474
Hrbek	0.26724138	0.27972028
Gaetti	0.21604938	0.26785714
Bush	0.26701571	0.26000000
Gagne	0.29500000	0.25384615
Backman	0.17777778	0.25358852
Newman	0.25523013	0.25120773
Larkin	0.30288462	0.23529412
Laudner	0.25882353	0.20129870
@EOF

chmod 644 DATA_FILES//Twins_batting_averages

echo x - DATA_FILES//Water_Oberlin
cat >DATA_FILES//Water_Oberlin <<'@EOF'
WEEK	H2O
1	5561
2	6135
3	5847
4	6001
5	6783
6	6435
7	6410
8	6294
9	5798
10	5883
11	5803
12	4450
13	5503
14	5739
15	5936
16	6047
17	5847
18	5752
19	6046
20	5730
21	5548
22	5959
23	6571
24	6965
25	6278
26	6688
27	8429
28	7741
29	8622
30	7451
31	7447
32	7313
33	7184
34	6559
35	7521
36	8308
37	8007
38	7563
39	7207
40	6915
41	6978
42	6965
43	6007
44	7518
45	7685
46	7526
47	7194
48	7376
49	7485
50	7435
51	5716
52	5722
53	6700
54	6905
55	6483
56	6551
57	6496
58	6917
59	7089
60	7221
61	7310
62	6495
63	6415
64	6031
65	4623
66	5906
67	5996
68	5898
69	5880
70	6166
71	6258
72	6258
73	6362
74	6407
75	6182
76	6891
77	7562
78	6491
79	7435
80	6512
81	5286
82	5184
83	5361
@EOF

chmod 644 DATA_FILES//Water_Oberlin

echo x - DATA_FILES//percap_income
cat >DATA_FILES//percap_income <<'@EOF'
STATE	PERCAP$	COLLEGE%
Maine	7756	14
New Hampshire	9217	18.4
Vermont	7970	19.5
Massachusetts	10096	20
Rhode Island	9200	15.3
Connecticut	11559	21.2
New York	10242	18.7
New Jersey	10811	18.6
Pennsylvania	9352	13.8
Ohio	9401	14.8
Indiana	8970	12.4
Illinios	10448	14.5
Michigan	9798	15.2
Wisconsin	9361	14.9
Minnesota	9662	16.7
Iowa	9211	14.1
Missouri	8856	14
North Dakota	8651	15.2
South Dakota	7815	14.2
Nebraska	8887	16.1
Kansas	9799	15.7
Delaware	9949	16.3
Maryland	10365	19.8
Virginia	9446	19.2
West Virginia	7747	10.5
North Carolina	7774	13.4
South Carolina	7389	14.2
Georgia	8041	15.3
Florida	9245	14.7
Kentucky	7644	11
Tennessee	7689	11.9
Alabama	7454	12.6
Mississippi	6614	13
Arkansas	7099	9.7
Louisiana	8404	13.4
Oklahoma	9029	15.7
Texas	9439	16
Montana	8334	17.3
Idaho	8100	16.1
Wyoming	11009	17.2
Colorado	10147	23
New Mexico	7947	17.3
Arizona	8855	16.8
Utah	7679	20.3
Neveda	10845	15.1
Washington	10248	18.8
Oregon	9319	17.2
California	11020	19.8
Alaska	13007	22.4
Hawaii	10129	20.3
@EOF

chmod 644 DATA_FILES//percap_income

echo x - DATA_FILES//Brain_weight
cat >DATA_FILES//Brain_weight <<'@EOF'
SPECIES	BRAIN WT	BODY WT
canary	0.848	0.0171
crow	9.3	0.337
flamingo	8.05	1.598
loon	6.12	1.53
ostrich	42.11	123
pheasant	3.289	0.625
pigeon	2.694	0.282
stork	16.24	3.35
vulture	19.6	5.27
catfish	1.84	2.894
barracuda	3.83	5.978
mackerel	0.64	0.765
salmon	1.257	3.93
brown trout	0.57	0.292
tuna	3.09	5.21
northern trout	1.233	2.5
grizzly bear	233.9	142.88
cheetah	2.449	22.2
lion	106.7	28.79
raccoon	40	5.175
skunk	10.3	1.7
tiger	302	209
wolf	152	29.94
greyhound	105.9	24.49
seal	442	107.3
walrus	1126	667
porpoise	1735	142.43
blue whale	6800	58059
bat	0.936	0.028
mole	1.16	0.0396
baboon	140	7.9
grey monkey	66.6	4.55
chimpanzee	440	56.69
human	1377	74
mouse	0.551	0.0177
squirrel	3.97	0.183
rhinoceros	655	763
African elephant	5712	6654
horse	618	461.76
@EOF

chmod 644 DATA_FILES//Brain_weight

echo x - DATA_FILES//Larceny
cat >DATA_FILES//Larceny <<'@EOF'
MONTH	LARCENIES
1	511
2	408
3	479
4	598
5	674
6	740
7	769
8	812
9	634
10	664
11	614
12	635
13	614
14	698
15	663
16	711
17	707
18	845
19	865
20	917
21	753
22	760
23	683
24	717
25	575
26	573
27	668
28	679
29	778
30	865
31	1011
32	933
33	825
34	813
35	697
36	807
37	643
38	638
39	673
40	713
41	803
42	941
43	967
44	929
45	748
46	755
47	742
48	749
49	602
50	574
51	669
52	758
53	831
54	921
55	984
56	1002
57	789
58	821
59	701
60	766
@EOF

chmod 644 DATA_FILES//Larceny

chmod 755 DATA_FILES/

exit 0
